-10.0 422.0
-9.0 421.8
-8.0 421.6
-7.0 421.4
-6.0 421.2
-5.0 421.0
-4.0 420.8
-3.0 420.6
-2.0 420.4
-1.0 420.2
-0.0 420.0
6.0 418.8
12.0 417.5
18.0 416.3
24.0 415.1
30.0 413.8
36.0 412.6
42.0 411.3
48.0 410.0
54.0 408.7
60.0 407.4
66.0 406.1
72.0 404.8
78.0 403.5
84.0 402.2
90.0 400.9
96.0 399.5
102.0 398.2
108.0 396.8
114.0 395.4
120.0 394.1
126.0 392.7
132.0 391.3
138.0 389.9
144.0 388.5
150.0 387.1
156.0 385.6
162.0 384.2
168.0 382.8
174.0 381.3
180.0 379.8
186.0 378.4
192.0 376.9
198.0 375.4
204.0 373.9
210.0 372.4
216.0 370.9
222.0 369.4
228.0 367.9
234.0 366.3
240.0 364.8
246.0 363.2
252.0 361.7
258.0 360.1
264.0 358.5
270.0 356.9
276.0 355.3
282.0 353.7
288.0 352.1
294.0 350.4
300.0 348.8
306.0 347.1
312.0 345.5
318.0 343.8
324.0 342.1
330.0 340.4
336.0 338.7
342.0 337.0
348.0 335.3
354.0 333.6
360.0 331.8
366.0 330.1
372.0 328.3
378.0 326.6
384.0 324.8
390.0 323.0
396.0 321.2
402.0 319.4
408.0 317.5
414.0 315.7
420.0 313.8
406.0 318.1
392.0 322.4
378.0 326.6
364.0 330.7
350.0 334.7
336.0 338.7
322.0 342.7
308.0 346.6
294.0 350.4
280.0 354.2
303.5 347.8
327.0 341.3
350.5 334.6
374.0 327.7
397.5 320.7
421.0 313.5
444.5 306.1
468.0 298.5
491.5 290.7
515.0 282.7
518.5 281.5
522.0 280.3
525.5 279.0
529.0 277.8
532.5 276.6
536.0 275.3
539.5 274.1
543.0 272.8
546.5 271.5
550.0 270.3
553.5 269.0
557.0 267.7
560.5 266.4
564.0 265.1
567.5 263.8
571.0 262.5
574.5 261.2
578.0 259.9
581.5 258.5
585.0 257.2
588.5 255.9
592.0 254.5
595.5 253.1
599.0 251.8
602.5 250.4
606.0 249.0
609.5 247.6
613.0 246.2
616.5 244.8
620.0 243.4
623.5 242.0
627.0 240.5
630.5 239.1
634.0 237.6
637.5 236.1
641.0 234.7
644.5 233.2
648.0 231.7
651.5 230.2
655.0 228.6
658.5 227.1
662.0 225.5
665.5 224.0
669.0 222.4
672.5 220.8
676.0 219.2
679.5 217.6
683.0 216.0
686.5 214.3
690.0 212.7
693.5 211.0
697.0 209.3
700.5 207.6
704.0 205.9
707.5 204.1
711.0 202.4
714.5 200.6
718.0 198.8
721.5 197.0
725.0 195.1
728.5 193.2
732.0 191.3
735.5 189.4
739.0 187.4
742.5 185.4
746.0 183.4
749.5 181.4
753.0 179.3
756.5 177.2
760.0 175.0
762.0 173.7
764.0 172.4
766.0 171.2
768.0 169.8
770.0 168.5
772.0 167.2
774.0 165.8
776.0 164.4
778.0 163.0
780.0 161.6
