AM NACA 001275 40
   1.00000	   0.00134
   0.99612	   0.00201
   0.98976	   0.00312
   0.98274	   0.00433
   0.97504	   0.00566
   0.96673	   0.00709
   0.95786	   0.00860
   0.94853	   0.01018
   0.93883	   0.01181
   0.92884	   0.01348
   0.91864	   0.01518
   0.90829	   0.01687
   0.89783	   0.01858
   0.88730	   0.02028
   0.87672	   0.02197
   0.86610	   0.02365
   0.85545	   0.02531
   0.84479	   0.02695
   0.83411	   0.02856
   0.82342	   0.03017
   0.81273	   0.03173
   0.80203	   0.03328
   0.79132	   0.03480
   0.78061	   0.03629
   0.76990	   0.03775
   0.75919	   0.03918
   0.74848	   0.04057
   0.73776	   0.04193
   0.72705	   0.04326
   0.71633	   0.04454
   0.70562	   0.04579
   0.69490	   0.04701
   0.68419	   0.04819
   0.67349	   0.04933
   0.66278	   0.05042
   0.65208	   0.05147
   0.64138	   0.05248
   0.63068	   0.05345
   0.61999	   0.05438
   0.60930	   0.05527
   0.59862	   0.05611
   0.58795	   0.05691
   0.57728	   0.05767
   0.56662	   0.05838
   0.55596	   0.05904
   0.54531	   0.05967
   0.53467	   0.06025
   0.52404	   0.06078
   0.51342	   0.06127
   0.50281	   0.06172
   0.49221	   0.06212
   0.48163	   0.06248
   0.47105	   0.06278
   0.46049	   0.06306
   0.44994	   0.06328
   0.43941	   0.06346
   0.42889	   0.06360
   0.41839	   0.06370
   0.40790	   0.06374
   0.39743	   0.06375
   0.38699	   0.06371
   0.37656	   0.06363
   0.36615	   0.06352
   0.35577	   0.06335
   0.34541	   0.06316
   0.33508	   0.06293
   0.32477	   0.06265
   0.31450	   0.06234
   0.30425	   0.06199
   0.29404	   0.06161
   0.28386	   0.06118
   0.27373	   0.06072
   0.26363	   0.06022
   0.25358	   0.05967
   0.24358	   0.05909
   0.23363	   0.05846
   0.22373	   0.05779
   0.21391	   0.05708
   0.20415	   0.05632
   0.19447	   0.05551
   0.18488	   0.05466
   0.17540	   0.05376
   0.16602	   0.05281
   0.15678	   0.05182
   0.14769	   0.05077
   0.13877	   0.04968
   0.13004	   0.04853
   0.12155	   0.04734
   0.11331	   0.04612
   0.10537	   0.04486
   0.09775	   0.04357
   0.09049	   0.04227
   0.08362	   0.04095
   0.07713	   0.03963
   0.07106	   0.03830
   0.06539	   0.03699
   0.06012	   0.03570
   0.05524	   0.03444
   0.05072	   0.03319
   0.04654	   0.03196
   0.04267	   0.03076
   0.03909	   0.02959
   0.03578	   0.02844
   0.03270	   0.02731
   0.02985	   0.02620
   0.02721	   0.02512
   0.02474	   0.02405
   0.02245	   0.02299
   0.02031	   0.02194
   0.01831	   0.02091
   0.01645	   0.01989
   0.01471	   0.01887
   0.01308	   0.01785
   0.01157	   0.01684
   0.01016	   0.01583
   0.00885	   0.01482
   0.00764	   0.01380
   0.00652	   0.01278
   0.00549	   0.01176
   0.00455	   0.01077
   0.00370	   0.00976
   0.00294	   0.00867
   0.00227	   0.00756
   0.00169	   0.00659
   0.00119	   0.00576
   0.00079	   0.00470
   0.00047	   0.00327
   0.00024	   0.00184
   0.00008	   0.00064
   0.00001	   0.00007
   0.00001	  -0.00007
   0.00008	  -0.00064
   0.00024	  -0.00184
   0.00047	  -0.00327
   0.00079	  -0.00470
   0.00119	  -0.00576
   0.00169	  -0.00659
   0.00227	  -0.00756
   0.00294	  -0.00867
   0.00370	  -0.00976
   0.00455	  -0.01077
   0.00549	  -0.01176
   0.00652	  -0.01278
   0.00764	  -0.01380
   0.00885	  -0.01482
   0.01016	  -0.01583
   0.01157	  -0.01684
   0.01308	  -0.01785
   0.01471	  -0.01887
   0.01645	  -0.01989
   0.01831	  -0.02090
   0.02031	  -0.02194
   0.02245	  -0.02299
   0.02474	  -0.02405
   0.02721	  -0.02512
   0.02985	  -0.02620
   0.03270	  -0.02731
   0.03578	  -0.02844
   0.03909	  -0.02959
   0.04267	  -0.03076
   0.04653	  -0.03196
   0.05072	  -0.03319
   0.05524	  -0.03444
   0.06012	  -0.03570
   0.06539	  -0.03699
   0.07106	  -0.03830
   0.07713	  -0.03963
   0.08361	  -0.04095
   0.09049	  -0.04227
   0.09775	  -0.04357
   0.10537	  -0.04486
   0.11331	  -0.04612
   0.12155	  -0.04734
   0.13004	  -0.04852
   0.13876	  -0.04968
   0.14769	  -0.05077
   0.15678	  -0.05182
   0.16602	  -0.05281
   0.17540	  -0.05376
   0.18488	  -0.05466
   0.19447	  -0.05551
   0.20415	  -0.05632
   0.21391	  -0.05708
   0.22373	  -0.05779
   0.23363	  -0.05846
   0.24358	  -0.05909
   0.25358	  -0.05967
   0.26363	  -0.06022
   0.27373	  -0.06072
   0.28386	  -0.06118
   0.29404	  -0.06161
   0.30425	  -0.06199
   0.31450	  -0.06234
   0.32477	  -0.06265
   0.33508	  -0.06293
   0.34541	  -0.06316
   0.35577	  -0.06335
   0.36615	  -0.06352
   0.37656	  -0.06363
   0.38699	  -0.06371
   0.39743	  -0.06375
   0.40790	  -0.06374
   0.41839	  -0.06370
   0.42889	  -0.06360
   0.43941	  -0.06346
   0.44994	  -0.06328
   0.46049	  -0.06306
   0.47105	  -0.06278
   0.48163	  -0.06248
   0.49221	  -0.06212
   0.50281	  -0.06172
   0.51342	  -0.06127
   0.52404	  -0.06078
   0.53467	  -0.06025
   0.54531	  -0.05967
   0.55596	  -0.05904
   0.56662	  -0.05838
   0.57728	  -0.05767
   0.58795	  -0.05691
   0.59862	  -0.05611
   0.60930	  -0.05527
   0.61999	  -0.05438
   0.63068	  -0.05345
   0.64138	  -0.05248
   0.65208	  -0.05147
   0.66278	  -0.05042
   0.67349	  -0.04933
   0.68419	  -0.04819
   0.69490	  -0.04701
   0.70562	  -0.04579
   0.71633	  -0.04454
   0.72705	  -0.04326
   0.73776	  -0.04193
   0.74847	  -0.04057
   0.75919	  -0.03918
   0.76990	  -0.03775
   0.78061	  -0.03629
   0.79132	  -0.03480
   0.80203	  -0.03328
   0.81273	  -0.03173
   0.82342	  -0.03017
   0.83411	  -0.02856
   0.84479	  -0.02695
   0.85545	  -0.02531
   0.86610	  -0.02365
   0.87672	  -0.02197
   0.88730	  -0.02028
   0.89783	  -0.01858
   0.90829	  -0.01687
   0.91864	  -0.01518
   0.92884	  -0.01348
   0.93883	  -0.01181
   0.94853	  -0.01018
   0.95786	  -0.00860
   0.96672	  -0.00709
   0.97504	  -0.00566
   0.98274	  -0.00433
   0.98976	  -0.00312
   0.99612	  -0.00201
   1.00000	  -0.00134
