NACA 2415
   1.00000	   0.00157
   1.00000	   0.00159
   0.99986	   0.00163
   0.99955	   0.00171
   0.99912	   0.00181
   0.99856	   0.00194
   0.99789	   0.00211
   0.99709	   0.00230
   0.99616	   0.00252
   0.99512	   0.00278
   0.99395	   0.00306
   0.99266	   0.00337
   0.99126	   0.00370
   0.98972	   0.00407
   0.98807	   0.00447
   0.98630	   0.00489
   0.98441	   0.00534
   0.98240	   0.00581
   0.98026	   0.00632
   0.97801	   0.00685
   0.97565	   0.00740
   0.97316	   0.00799
   0.97056	   0.00859
   0.96784	   0.00922
   0.96501	   0.00988
   0.96205	   0.01056
   0.95899	   0.01126
   0.95581	   0.01199
   0.95252	   0.01273
   0.94912	   0.01350
   0.94561	   0.01429
   0.94198	   0.01511
   0.93825	   0.01594
   0.93440	   0.01679
   0.93045	   0.01766
   0.92639	   0.01855
   0.92223	   0.01946
   0.91796	   0.02038
   0.91358	   0.02132
   0.90911	   0.02228
   0.90453	   0.02325
   0.89985	   0.02424
   0.89507	   0.02524
   0.89019	   0.02626
   0.88522	   0.02729
   0.88014	   0.02833
   0.87498	   0.02938
   0.86972	   0.03044
   0.86436	   0.03151
   0.85892	   0.03260
   0.85338	   0.03369
   0.84776	   0.03479
   0.84205	   0.03590
   0.83625	   0.03701
   0.83037	   0.03813
   0.82441	   0.03926
   0.81836	   0.04040
   0.81224	   0.04153
   0.80603	   0.04267
   0.79975	   0.04381
   0.79339	   0.04496
   0.78696	   0.04611
   0.78046	   0.04726
   0.77388	   0.04840
   0.76724	   0.04955
   0.76052	   0.05070
   0.75375	   0.05185
   0.74690	   0.05299
   0.74000	   0.05413
   0.73303	   0.05527
   0.72600	   0.05640
   0.71892	   0.05753
   0.71178	   0.05865
   0.70459	   0.05976
   0.69734	   0.06087
   0.69004	   0.06197
   0.68270	   0.06306
   0.67530	   0.06415
   0.66787	   0.06522
   0.66038	   0.06628
   0.65286	   0.06734
   0.64530	   0.06838
   0.63770	   0.06941
   0.63007	   0.07042
   0.62239	   0.07142
   0.61469	   0.07241
   0.60696	   0.07339
   0.59920	   0.07434
   0.59142	   0.07528
   0.58361	   0.07621
   0.57578	   0.07711
   0.56792	   0.07800
   0.56005	   0.07887
   0.55217	   0.07972
   0.54426	   0.08055
   0.53635	   0.08136
   0.52843	   0.08215
   0.52050	   0.08292
   0.51256	   0.08366
   0.50461	   0.08438
   0.49667	   0.08508
   0.48873	   0.08575
   0.48078	   0.08640
   0.47284	   0.08702
   0.46491	   0.08762
   0.45698	   0.08819
   0.44907	   0.08873
   0.44116	   0.08925
   0.43327	   0.08973
   0.42540	   0.09019
   0.41754	   0.09062
   0.40971	   0.09102
   0.40189	   0.09139
   0.39405	   0.09172
   0.38620	   0.09202
   0.37839	   0.09228
   0.37060	   0.09250
   0.36285	   0.09267
   0.35513	   0.09281
   0.34745	   0.09291
   0.33981	   0.09296
   0.33220	   0.09297
   0.32464	   0.09295
   0.31712	   0.09288
   0.30965	   0.09277
   0.30223	   0.09262
   0.29486	   0.09242
   0.28754	   0.09219
   0.28027	   0.09191
   0.27306	   0.09159
   0.26591	   0.09123
   0.25882	   0.09083
   0.25179	   0.09039
   0.24483	   0.08991
   0.23793	   0.08939
   0.23110	   0.08882
   0.22434	   0.08822
   0.21765	   0.08758
   0.21104	   0.08690
   0.20450	   0.08618
   0.19804	   0.08542
   0.19165	   0.08462
   0.18535	   0.08379
   0.17913	   0.08292
   0.17299	   0.08201
   0.16694	   0.08107
   0.16098	   0.08009
   0.15510	   0.07908
   0.14931	   0.07803
   0.14362	   0.07695
   0.13802	   0.07584
   0.13251	   0.07469
   0.12710	   0.07352
   0.12179	   0.07231
   0.11658	   0.07108
   0.11146	   0.06981
   0.10645	   0.06852
   0.10154	   0.06720
   0.09674	   0.06586
   0.09204	   0.06449
   0.08745	   0.06309
   0.08296	   0.06167
   0.07858	   0.06023
   0.07432	   0.05876
   0.07016	   0.05728
   0.06612	   0.05577
   0.06219	   0.05424
   0.05837	   0.05270
   0.05467	   0.05114
   0.05108	   0.04956
   0.04761	   0.04797
   0.04425	   0.04636
   0.04102	   0.04474
   0.03790	   0.04310
   0.03490	   0.04145
   0.03203	   0.03979
   0.02927	   0.03812
   0.02664	   0.03644
   0.02412	   0.03475
   0.02173	   0.03305
   0.01946	   0.03135
   0.01732	   0.02963
   0.01530	   0.02791
   0.01340	   0.02619
   0.01163	   0.02446
   0.00998	   0.02272
   0.00845	   0.02099
   0.00706	   0.01924
   0.00579	   0.01750
   0.00464	   0.01575
   0.00362	   0.01401
   0.00273	   0.01225
   0.00196	   0.01051
   0.00132	   0.00875
   0.00080	   0.00700
   0.00041	   0.00525
   0.00015	   0.00350
   0.00001	   0.00175
   0.00000	   0.00000
   0.00012	  -0.00175
   0.00036	  -0.00349
   0.00072	  -0.00520
   0.00120	  -0.00688
   0.00181	  -0.00855
   0.00254	  -0.01018
   0.00340	  -0.01180
   0.00437	  -0.01338
   0.00547	  -0.01495
   0.00668	  -0.01648
   0.00802	  -0.01799
   0.00948	  -0.01948
   0.01106	  -0.02094
   0.01275	  -0.02238
   0.01457	  -0.02378
   0.01650	  -0.02516
   0.01855	  -0.02652
   0.02072	  -0.02785
   0.02300	  -0.02915
   0.02540	  -0.03043
   0.02792	  -0.03167
   0.03055	  -0.03289
   0.03329	  -0.03409
   0.03614	  -0.03525
   0.03911	  -0.03639
   0.04218	  -0.03750
   0.04537	  -0.03858
   0.04866	  -0.03963
   0.05206	  -0.04066
   0.05557	  -0.04165
   0.05919	  -0.04262
   0.06291	  -0.04356
   0.06674	  -0.04447
   0.07067	  -0.04535
   0.07470	  -0.04620
   0.07884	  -0.04702
   0.08307	  -0.04781
   0.08740	  -0.04857
   0.09183	  -0.04931
   0.09636	  -0.05001
   0.10098	  -0.05069
   0.10570	  -0.05133
   0.11051	  -0.05195
   0.11542	  -0.05253
   0.12041	  -0.05309
   0.12550	  -0.05362
   0.13067	  -0.05412
   0.13593	  -0.05459
   0.14128	  -0.05503
   0.14671	  -0.05544
   0.15222	  -0.05583
   0.15782	  -0.05619
   0.16350	  -0.05651
   0.16926	  -0.05681
   0.17509	  -0.05709
   0.18101	  -0.05733
   0.18700	  -0.05755
   0.19306	  -0.05774
   0.19920	  -0.05791
   0.20540	  -0.05805
   0.21168	  -0.05817
   0.21803	  -0.05825
   0.22444	  -0.05832
   0.23092	  -0.05836
   0.23746	  -0.05838
   0.24407	  -0.05837
   0.25073	  -0.05834
   0.25746	  -0.05829
   0.26424	  -0.05822
   0.27108	  -0.05812
   0.27798	  -0.05801
   0.28493	  -0.05787
   0.29193	  -0.05772
   0.29899	  -0.05754
   0.30609	  -0.05735
   0.31323	  -0.05714
   0.32043	  -0.05692
   0.32766	  -0.05667
   0.33494	  -0.05641
   0.34227	  -0.05614
   0.34963	  -0.05585
   0.35702	  -0.05555
   0.36446	  -0.05523
   0.37192	  -0.05491
   0.37942	  -0.05457
   0.38695	  -0.05422
   0.39451	  -0.05386
   0.40212	  -0.05348
   0.40980	  -0.05310
   0.41752	  -0.05270
   0.42525	  -0.05228
   0.43300	  -0.05184
   0.44077	  -0.05139
   0.44855	  -0.05093
   0.45635	  -0.05045
   0.46416	  -0.04996
   0.47198	  -0.04945
   0.47981	  -0.04894
   0.48765	  -0.04841
   0.49548	  -0.04787
   0.50332	  -0.04732
   0.51117	  -0.04676
   0.51900	  -0.04619
   0.52684	  -0.04562
   0.53467	  -0.04503
   0.54249	  -0.04444
   0.55031	  -0.04384
   0.55811	  -0.04323
   0.56590	  -0.04262
   0.57367	  -0.04200
   0.58143	  -0.04137
   0.58917	  -0.04074
   0.59688	  -0.04011
   0.60458	  -0.03947
   0.61225	  -0.03883
   0.61989	  -0.03819
   0.62751	  -0.03754
   0.63509	  -0.03689
   0.64265	  -0.03624
   0.65017	  -0.03559
   0.65765	  -0.03494
   0.66509	  -0.03428
   0.67250	  -0.03363
   0.67986	  -0.03297
   0.68718	  -0.03232
   0.69446	  -0.03167
   0.70169	  -0.03102
   0.70887	  -0.03036
   0.71600	  -0.02971
   0.72307	  -0.02907
   0.73009	  -0.02842
   0.73706	  -0.02778
   0.74397	  -0.02714
   0.75082	  -0.02651
   0.75760	  -0.02587
   0.76433	  -0.02524
   0.77099	  -0.02461
   0.77758	  -0.02399
   0.78411	  -0.02338
   0.79056	  -0.02276
   0.79695	  -0.02215
   0.80326	  -0.02155
   0.80949	  -0.02095
   0.81565	  -0.02036
   0.82174	  -0.01977
   0.82774	  -0.01919
   0.83366	  -0.01861
   0.83950	  -0.01804
   0.84526	  -0.01748
   0.85093	  -0.01692
   0.85651	  -0.01638
   0.86201	  -0.01583
   0.86742	  -0.01530
   0.87273	  -0.01477
   0.87795	  -0.01425
   0.88308	  -0.01374
   0.88811	  -0.01323
   0.89305	  -0.01274
   0.89789	  -0.01225
   0.90263	  -0.01177
   0.90727	  -0.01130
   0.91181	  -0.01084
   0.91624	  -0.01038
   0.92058	  -0.00994
   0.92480	  -0.00951
   0.92892	  -0.00908
   0.93294	  -0.00867
   0.93684	  -0.00826
   0.94064	  -0.00787
   0.94432	  -0.00749
   0.94790	  -0.00711
   0.95136	  -0.00675
   0.95471	  -0.00640
   0.95795	  -0.00606
   0.96107	  -0.00573
   0.96407	  -0.00541
   0.96696	  -0.00511
   0.96973	  -0.00481
   0.97239	  -0.00453
   0.97492	  -0.00426
   0.97734	  -0.00400
   0.97963	  -0.00376
   0.98181	  -0.00353
   0.98386	  -0.00331
   0.98579	  -0.00310
   0.98760	  -0.00290
   0.98929	  -0.00272
   0.99086	  -0.00255
   0.99229	  -0.00240
   0.99361	  -0.00225
   0.99480	  -0.00213
   0.99587	  -0.00201
   0.99681	  -0.00191
   0.99763	  -0.00182
   0.99832	  -0.00174
   0.99889	  -0.00168
   0.99933	  -0.00163
   0.99965	  -0.00160
   0.99983	  -0.00158
   1.00000	  -0.00157
