CLARK W
   1.00000	   0.00100
   0.99627	   0.00197
   0.99035	   0.00349
   0.98399	   0.00511
   0.97715	   0.00684
   0.96977	   0.00869
   0.96184	   0.01066
   0.95334	   0.01274
   0.94433	   0.01492
   0.93493	   0.01716
   0.92529	   0.01943
   0.91554	   0.02169
   0.90578	   0.02391
   0.89604	   0.02609
   0.88633	   0.02823
   0.87663	   0.03034
   0.86691	   0.03241
   0.85717	   0.03445
   0.84739	   0.03647
   0.83758	   0.03846
   0.82773	   0.04043
   0.81784	   0.04238
   0.80791	   0.04431
   0.79795	   0.04621
   0.78797	   0.04809
   0.77798	   0.04994
   0.76798	   0.05176
   0.75800	   0.05355
   0.74802	   0.05530
   0.73806	   0.05702
   0.72812	   0.05869
   0.71819	   0.06033
   0.70828	   0.06193
   0.69838	   0.06348
   0.68848	   0.06500
   0.67859	   0.06647
   0.66870	   0.06790
   0.65881	   0.06930
   0.64891	   0.07065
   0.63900	   0.07197
   0.62909	   0.07324
   0.61918	   0.07447
   0.60925	   0.07567
   0.59933	   0.07682
   0.58940	   0.07793
   0.57948	   0.07899
   0.56956	   0.08002
   0.55964	   0.08100
   0.54973	   0.08193
   0.53983	   0.08283
   0.52993	   0.08367
   0.52003	   0.08447
   0.51013	   0.08523
   0.50023	   0.08593
   0.49032	   0.08660
   0.48041	   0.08721
   0.47048	   0.08778
   0.46054	   0.08831
   0.45058	   0.08879
   0.44062	   0.08922
   0.43064	   0.08962
   0.42066	   0.08997
   0.41068	   0.09028
   0.40070	   0.09054
   0.39073	   0.09077
   0.38077	   0.09095
   0.37084	   0.09108
   0.36094	   0.09117
   0.35107	   0.09120
   0.34123	   0.09118
   0.33142	   0.09111
   0.32164	   0.09098
   0.31190	   0.09079
   0.30219	   0.09054
   0.29251	   0.09022
   0.28285	   0.08984
   0.27323	   0.08939
   0.26363	   0.08886
   0.25407	   0.08826
   0.24455	   0.08757
   0.23509	   0.08680
   0.22570	   0.08594
   0.21638	   0.08499
   0.20716	   0.08395
   0.19804	   0.08283
   0.18905	   0.08162
   0.18018	   0.08031
   0.17143	   0.07891
   0.16278	   0.07740
   0.15421	   0.07578
   0.14567	   0.07404
   0.13713	   0.07216
   0.12856	   0.07014
   0.12000	   0.06799
   0.11150	   0.06573
   0.10315	   0.06340
   0.09507	   0.06103
   0.08735	   0.05865
   0.08003	   0.05626
   0.07311	   0.05384
   0.06656	   0.05140
   0.06037	   0.04893
   0.05456	   0.04648
   0.04916	   0.04406
   0.04419	   0.04170
   0.03965	   0.03944
   0.03553	   0.03727
   0.03179	   0.03521
   0.02840	   0.03324
   0.02532	   0.03137
   0.02252	   0.02958
   0.01996	   0.02785
   0.01761	   0.02616
   0.01548	   0.02451
   0.01353	   0.02289
   0.01175	   0.02132
   0.01014	   0.01979
   0.00869	   0.01833
   0.00739	   0.01692
   0.00622	   0.01556
   0.00518	   0.01425
   0.00425	   0.01299
   0.00343	   0.01176
   0.00271	   0.01057
   0.00207	   0.00940
   0.00153	   0.00827
   0.00106	   0.00715
   0.00068	   0.00605
   0.00037	   0.00497
   0.00015	   0.00391
  -0.00000	   0.00285
  -0.00007	   0.00181
  -0.00006	   0.00077
   0.00003	  -0.00027
   0.00021	  -0.00130
   0.00048	  -0.00234
   0.00082	  -0.00338
   0.00125	  -0.00442
   0.00176	  -0.00546
   0.00235	  -0.00651
   0.00303	  -0.00757
   0.00380	  -0.00862
   0.00466	  -0.00968
   0.00561	  -0.01074
   0.00668	  -0.01180
   0.00785	  -0.01286
   0.00915	  -0.01390
   0.01058	  -0.01492
   0.01214	  -0.01591
   0.01386	  -0.01683
   0.01573	  -0.01769
   0.01779	  -0.01848
   0.02006	  -0.01922
   0.02257	  -0.01991
   0.02534	  -0.02061
   0.02840	  -0.02136
   0.03176	  -0.02216
   0.03546	  -0.02299
   0.03949	  -0.02385
   0.04384	  -0.02471
   0.04849	  -0.02552
   0.05347	  -0.02627
   0.05885	  -0.02693
   0.06470	  -0.02752
   0.07112	  -0.02802
   0.07818	  -0.02847
   0.08586	  -0.02884
   0.09406	  -0.02914
   0.10268	  -0.02937
   0.11161	  -0.02954
   0.12080	  -0.02963
   0.13018	  -0.02965
   0.13967	  -0.02960
   0.14924	  -0.02948
   0.15887	  -0.02930
   0.16855	  -0.02907
   0.17828	  -0.02877
   0.18807	  -0.02842
   0.19791	  -0.02801
   0.20781	  -0.02756
   0.21777	  -0.02705
   0.22781	  -0.02650
   0.23791	  -0.02590
   0.24808	  -0.02527
   0.25832	  -0.02461
   0.26862	  -0.02392
   0.27896	  -0.02321
   0.28933	  -0.02248
   0.29971	  -0.02175
   0.31008	  -0.02102
   0.32042	  -0.02029
   0.33071	  -0.01957
   0.34094	  -0.01887
   0.35111	  -0.01820
   0.36121	  -0.01756
   0.37125	  -0.01695
   0.38123	  -0.01639
   0.39118	  -0.01586
   0.40109	  -0.01539
   0.41098	  -0.01497
   0.42088	  -0.01459
   0.43080	  -0.01425
   0.44074	  -0.01396
   0.45073	  -0.01370
   0.46076	  -0.01347
   0.47084	  -0.01328
   0.48098	  -0.01311
   0.49117	  -0.01296
   0.50141	  -0.01283
   0.51170	  -0.01272
   0.52203	  -0.01263
   0.53240	  -0.01255
   0.54278	  -0.01249
   0.55319	  -0.01244
   0.56360	  -0.01240
   0.57401	  -0.01238
   0.58442	  -0.01236
   0.59481	  -0.01236
   0.60517	  -0.01236
   0.61550	  -0.01237
   0.62580	  -0.01238
   0.63605	  -0.01239
   0.64626	  -0.01239
   0.65644	  -0.01237
   0.66658	  -0.01234
   0.67669	  -0.01229
   0.68678	  -0.01222
   0.69687	  -0.01211
   0.70696	  -0.01197
   0.71707	  -0.01180
   0.72720	  -0.01159
   0.73738	  -0.01136
   0.74760	  -0.01110
   0.75786	  -0.01081
   0.76817	  -0.01051
   0.77850	  -0.01019
   0.78886	  -0.00985
   0.79923	  -0.00951
   0.80958	  -0.00915
   0.81991	  -0.00879
   0.83019	  -0.00842
   0.84042	  -0.00804
   0.85060	  -0.00764
   0.86074	  -0.00724
   0.87084	  -0.00682
   0.88092	  -0.00638
   0.89100	  -0.00592
   0.90110	  -0.00544
   0.91125	  -0.00493
   0.92143	  -0.00440
   0.93157	  -0.00386
   0.94150	  -0.00332
   0.95106	  -0.00279
   0.96007	  -0.00229
   0.96847	  -0.00181
   0.97623	  -0.00137
   0.98339	  -0.00096
   0.99001	  -0.00058
   0.99615	  -0.00022
   1.00000	   0.00000
