CLARK Z
   1.00000	   0.00120
   0.99617	   0.00216
   0.99010	   0.00369
   0.98359	   0.00531
   0.97658	   0.00704
   0.96904	   0.00890
   0.96094	   0.01087
   0.95228	   0.01297
   0.94311	   0.01517
   0.93354	   0.01745
   0.92371	   0.01976
   0.91376	   0.02208
   0.90376	   0.02438
   0.89377	   0.02665
   0.88379	   0.02890
   0.87380	   0.03112
   0.86380	   0.03332
   0.85378	   0.03549
   0.84374	   0.03764
   0.83369	   0.03977
   0.82361	   0.04187
   0.81350	   0.04395
   0.80338	   0.04600
   0.79324	   0.04803
   0.78309	   0.05003
   0.77293	   0.05200
   0.76276	   0.05394
   0.75259	   0.05585
   0.74242	   0.05773
   0.73226	   0.05957
   0.72209	   0.06139
   0.71193	   0.06317
   0.70178	   0.06492
   0.69163	   0.06663
   0.68149	   0.06831
   0.67135	   0.06995
   0.66122	   0.07156
   0.65109	   0.07313
   0.64096	   0.07466
   0.63084	   0.07615
   0.62073	   0.07761
   0.61062	   0.07902
   0.60052	   0.08039
   0.59043	   0.08172
   0.58035	   0.08300
   0.57027	   0.08424
   0.56021	   0.08544
   0.55016	   0.08659
   0.54011	   0.08769
   0.53008	   0.08874
   0.52005	   0.08974
   0.51003	   0.09070
   0.50002	   0.09160
   0.49001	   0.09245
   0.48000	   0.09325
   0.46999	   0.09399
   0.45999	   0.09469
   0.44998	   0.09533
   0.43998	   0.09592
   0.42998	   0.09645
   0.41998	   0.09694
   0.40998	   0.09737
   0.39999	   0.09774
   0.39000	   0.09806
   0.38002	   0.09833
   0.37006	   0.09853
   0.36011	   0.09868
   0.35018	   0.09876
   0.34027	   0.09878
   0.33039	   0.09874
   0.32055	   0.09863
   0.31074	   0.09845
   0.30097	   0.09821
   0.29126	   0.09789
   0.28159	   0.09750
   0.27199	   0.09704
   0.26245	   0.09649
   0.25298	   0.09587
   0.24358	   0.09515
   0.23425	   0.09435
   0.22498	   0.09346
   0.21579	   0.09247
   0.20666	   0.09138
   0.19759	   0.09019
   0.18859	   0.08890
   0.17965	   0.08751
   0.17078	   0.08601
   0.16198	   0.08441
   0.15326	   0.08271
   0.14463	   0.08090
   0.13611	   0.07900
   0.12771	   0.07699
   0.11946	   0.07489
   0.11139	   0.07270
   0.10351	   0.07042
   0.09586	   0.06807
   0.08847	   0.06567
   0.08136	   0.06324
   0.07461	   0.06083
   0.06824	   0.05844
   0.06229	   0.05609
   0.05679	   0.05377
   0.05174	   0.05150
   0.04712	   0.04927
   0.04291	   0.04710
   0.03907	   0.04498
   0.03557	   0.04291
   0.03236	   0.04088
   0.02941	   0.03887
   0.02669	   0.03689
   0.02417	   0.03493
   0.02182	   0.03297
   0.01963	   0.03102
   0.01756	   0.02908
   0.01563	   0.02718
   0.01382	   0.02534
   0.01214	   0.02356
   0.01057	   0.02186
   0.00914	   0.02024
   0.00784	   0.01870
   0.00667	   0.01723
   0.00561	   0.01582
   0.00466	   0.01447
   0.00381	   0.01317
   0.00306	   0.01190
   0.00239	   0.01067
   0.00181	   0.00948
   0.00132	   0.00831
   0.00089	   0.00716
   0.00055	   0.00603
   0.00028	   0.00492
   0.00009	   0.00382
  -0.00004	   0.00273
  -0.00008	   0.00165
  -0.00005	   0.00057
   0.00006	  -0.00051
   0.00025	  -0.00159
   0.00052	  -0.00266
   0.00087	  -0.00374
   0.00129	  -0.00483
   0.00179	  -0.00591
   0.00236	  -0.00699
   0.00301	  -0.00807
   0.00374	  -0.00915
   0.00455	  -0.01022
   0.00545	  -0.01129
   0.00643	  -0.01234
   0.00751	  -0.01338
   0.00869	  -0.01439
   0.00998	  -0.01537
   0.01137	  -0.01630
   0.01288	  -0.01716
   0.01451	  -0.01794
   0.01628	  -0.01864
   0.01819	  -0.01925
   0.02027	  -0.01979
   0.02252	  -0.02026
   0.02495	  -0.02070
   0.02759	  -0.02113
   0.03045	  -0.02155
   0.03357	  -0.02197
   0.03696	  -0.02237
   0.04066	  -0.02275
   0.04470	  -0.02312
   0.04909	  -0.02346
   0.05387	  -0.02377
   0.05909	  -0.02404
   0.06480	  -0.02427
   0.07105	  -0.02445
   0.07788	  -0.02457
   0.08532	  -0.02462
   0.09336	  -0.02460
   0.10199	  -0.02452
   0.11114	  -0.02438
   0.12073	  -0.02419
   0.13066	  -0.02397
   0.14080	  -0.02371
   0.15109	  -0.02343
   0.16148	  -0.02315
   0.17196	  -0.02286
   0.18251	  -0.02257
   0.19311	  -0.02227
   0.20377	  -0.02198
   0.21445	  -0.02168
   0.22516	  -0.02138
   0.23585	  -0.02109
   0.24654	  -0.02079
   0.25723	  -0.02050
   0.26792	  -0.02020
   0.27862	  -0.01991
   0.28932	  -0.01961
   0.30003	  -0.01932
   0.31074	  -0.01902
   0.32144	  -0.01873
   0.33214	  -0.01843
   0.34283	  -0.01814
   0.35353	  -0.01784
   0.36423	  -0.01755
   0.37494	  -0.01725
   0.38564	  -0.01696
   0.39635	  -0.01666
   0.40706	  -0.01637
   0.41777	  -0.01607
   0.42848	  -0.01577
   0.43919	  -0.01548
   0.44990	  -0.01518
   0.46061	  -0.01489
   0.47132	  -0.01459
   0.48203	  -0.01430
   0.49274	  -0.01400
   0.50345	  -0.01370
   0.51416	  -0.01341
   0.52487	  -0.01311
   0.53558	  -0.01282
   0.54629	  -0.01252
   0.55700	  -0.01223
   0.56771	  -0.01193
   0.57842	  -0.01164
   0.58913	  -0.01134
   0.59984	  -0.01104
   0.61055	  -0.01075
   0.62126	  -0.01045
   0.63197	  -0.01016
   0.64268	  -0.00986
   0.65338	  -0.00957
   0.66409	  -0.00927
   0.67479	  -0.00898
   0.68550	  -0.00868
   0.69621	  -0.00838
   0.70692	  -0.00809
   0.71762	  -0.00779
   0.72833	  -0.00750
   0.73903	  -0.00720
   0.74972	  -0.00691
   0.76042	  -0.00661
   0.77111	  -0.00632
   0.78181	  -0.00602
   0.79251	  -0.00573
   0.80322	  -0.00543
   0.81391	  -0.00514
   0.82458	  -0.00484
   0.83522	  -0.00455
   0.84585	  -0.00425
   0.85645	  -0.00396
   0.86704	  -0.00367
   0.87760	  -0.00338
   0.88816	  -0.00309
   0.89871	  -0.00280
   0.90926	  -0.00250
   0.91978	  -0.00221
   0.93019	  -0.00193
   0.94034	  -0.00165
   0.95007	  -0.00138
   0.95924	  -0.00113
   0.96778	  -0.00089
   0.97568	  -0.00067
   0.98299	  -0.00047
   0.98976	  -0.00028
   0.99605	  -0.00011
   1.00000	   0.00000
