CLARK V
   1.00000	   0.00140
   0.99656	   0.00247
   0.99110	   0.00416
   0.98521	   0.00596
   0.97887	   0.00789
   0.97200	   0.00994
   0.96459	   0.01214
   0.95662	   0.01447
   0.94813	   0.01692
   0.93926	   0.01943
   0.93016	   0.02197
   0.92099	   0.02447
   0.91186	   0.02690
   0.90284	   0.02925
   0.89391	   0.03150
   0.88503	   0.03368
   0.87619	   0.03580
   0.86735	   0.03785
   0.85848	   0.03986
   0.84957	   0.04183
   0.84060	   0.04376
   0.83157	   0.04565
   0.82247	   0.04752
   0.81329	   0.04935
   0.80404	   0.05116
   0.79474	   0.05294
   0.78539	   0.05469
   0.77601	   0.05641
   0.76662	   0.05809
   0.75721	   0.05973
   0.74781	   0.06132
   0.73842	   0.06288
   0.72904	   0.06439
   0.71967	   0.06586
   0.71031	   0.06729
   0.70097	   0.06867
   0.69163	   0.07001
   0.68229	   0.07130
   0.67296	   0.07256
   0.66361	   0.07377
   0.65426	   0.07495
   0.64490	   0.07608
   0.63553	   0.07718
   0.62615	   0.07824
   0.61675	   0.07926
   0.60734	   0.08024
   0.59793	   0.08118
   0.58850	   0.08209
   0.57906	   0.08296
   0.56962	   0.08379
   0.56018	   0.08458
   0.55074	   0.08533
   0.54129	   0.08604
   0.53185	   0.08671
   0.52242	   0.08733
   0.51298	   0.08792
   0.50356	   0.08846
   0.49414	   0.08896
   0.48474	   0.08941
   0.47534	   0.08982
   0.46595	   0.09019
   0.45658	   0.09051
   0.44721	   0.09078
   0.43785	   0.09100
   0.42850	   0.09118
   0.41915	   0.09131
   0.40981	   0.09139
   0.40046	   0.09142
   0.39110	   0.09140
   0.38174	   0.09132
   0.37237	   0.09120
   0.36298	   0.09102
   0.35358	   0.09080
   0.34417	   0.09053
   0.33475	   0.09020
   0.32533	   0.08983
   0.31591	   0.08941
   0.30651	   0.08894
   0.29713	   0.08843
   0.28778	   0.08787
   0.27846	   0.08726
   0.26920	   0.08660
   0.25998	   0.08589
   0.25082	   0.08512
   0.24170	   0.08429
   0.23262	   0.08339
   0.22359	   0.08243
   0.21459	   0.08140
   0.20561	   0.08029
   0.19664	   0.07911
   0.18767	   0.07783
   0.17869	   0.07648
   0.16973	   0.07503
   0.16079	   0.07351
   0.15191	   0.07191
   0.14315	   0.07024
   0.13454	   0.06850
   0.12610	   0.06668
   0.11784	   0.06478
   0.10975	   0.06277
   0.10181	   0.06064
   0.09397	   0.05837
   0.08621	   0.05597
   0.07857	   0.05345
   0.07109	   0.05084
   0.06388	   0.04817
   0.05703	   0.04544
   0.05067	   0.04271
   0.04485	   0.04001
   0.03959	   0.03738
   0.03485	   0.03484
   0.03057	   0.03238
   0.02668	   0.02999
   0.02313	   0.02766
   0.01986	   0.02536
   0.01691	   0.02313
   0.01430	   0.02103
   0.01204	   0.01910
   0.01009	   0.01735
   0.00841	   0.01576
   0.00697	   0.01431
   0.00573	   0.01296
   0.00465	   0.01169
   0.00371	   0.01050
   0.00290	   0.00936
   0.00220	   0.00827
   0.00160	   0.00722
   0.00110	   0.00620
   0.00069	   0.00521
   0.00037	   0.00424
   0.00013	   0.00329
  -0.00002	   0.00236
  -0.00008	   0.00143
  -0.00006	   0.00052
   0.00006	  -0.00039
   0.00027	  -0.00130
   0.00058	  -0.00221
   0.00098	  -0.00313
   0.00147	  -0.00405
   0.00205	  -0.00499
   0.00274	  -0.00593
   0.00353	  -0.00689
   0.00444	  -0.00787
   0.00547	  -0.00887
   0.00664	  -0.00988
   0.00797	  -0.01092
   0.00947	  -0.01199
   0.01119	  -0.01306
   0.01313	  -0.01413
   0.01532	  -0.01517
   0.01781	  -0.01616
   0.02065	  -0.01710
   0.02388	  -0.01800
   0.02754	  -0.01892
   0.03172	  -0.01987
   0.03644	  -0.02085
   0.04172	  -0.02182
   0.04754	  -0.02274
   0.05389	  -0.02359
   0.06085	  -0.02435
   0.06852	  -0.02505
   0.07687	  -0.02573
   0.08563	  -0.02641
   0.09447	  -0.02703
   0.10323	  -0.02755
   0.11199	  -0.02797
   0.12084	  -0.02829
   0.12986	  -0.02855
   0.13911	  -0.02876
   0.14856	  -0.02893
   0.15819	  -0.02908
   0.16788	  -0.02921
   0.17756	  -0.02931
   0.18718	  -0.02939
   0.19672	  -0.02943
   0.20618	  -0.02944
   0.21560	  -0.02941
   0.22500	  -0.02934
   0.23438	  -0.02924
   0.24378	  -0.02911
   0.25320	  -0.02896
   0.26265	  -0.02877
   0.27215	  -0.02856
   0.28169	  -0.02832
   0.29128	  -0.02806
   0.30091	  -0.02778
   0.31058	  -0.02748
   0.32028	  -0.02717
   0.33000	  -0.02684
   0.33975	  -0.02650
   0.34951	  -0.02614
   0.35928	  -0.02577
   0.36905	  -0.02540
   0.37883	  -0.02502
   0.38861	  -0.02463
   0.39839	  -0.02424
   0.40818	  -0.02385
   0.41796	  -0.02346
   0.42774	  -0.02307
   0.43752	  -0.02267
   0.44731	  -0.02228
   0.45709	  -0.02188
   0.46688	  -0.02149
   0.47666	  -0.02109
   0.48645	  -0.02070
   0.49624	  -0.02030
   0.50604	  -0.01991
   0.51583	  -0.01951
   0.52562	  -0.01912
   0.53542	  -0.01872
   0.54521	  -0.01833
   0.55500	  -0.01793
   0.56479	  -0.01754
   0.57458	  -0.01714
   0.58438	  -0.01675
   0.59417	  -0.01635
   0.60396	  -0.01596
   0.61376	  -0.01557
   0.62354	  -0.01517
   0.63333	  -0.01478
   0.64311	  -0.01438
   0.65289	  -0.01399
   0.66267	  -0.01359
   0.67245	  -0.01320
   0.68223	  -0.01281
   0.69202	  -0.01241
   0.70181	  -0.01202
   0.71160	  -0.01162
   0.72138	  -0.01123
   0.73114	  -0.01083
   0.74090	  -0.01044
   0.75064	  -0.01005
   0.76039	  -0.00966
   0.77013	  -0.00926
   0.77987	  -0.00887
   0.78963	  -0.00848
   0.79941	  -0.00808
   0.80919	  -0.00769
   0.81892	  -0.00730
   0.82862	  -0.00691
   0.83827	  -0.00652
   0.84789	  -0.00613
   0.85749	  -0.00574
   0.86707	  -0.00536
   0.87666	  -0.00497
   0.88628	  -0.00458
   0.89596	  -0.00419
   0.90571	  -0.00380
   0.91542	  -0.00341
   0.92505	  -0.00302
   0.93472	  -0.00263
   0.94439	  -0.00224
   0.95365	  -0.00186
   0.96232	  -0.00151
   0.97032	  -0.00119
   0.97767	  -0.00090
   0.98443	  -0.00062
   0.99065	  -0.00037
   0.99640	  -0.00014
   1.00000	   0.00000
