CLARK YS
   1.00000	   0.00000
   0.99623	   0.00013
   0.99027	   0.00038
   0.98392	   0.00068
   0.97712	   0.00105
   0.96985	   0.00149
   0.96208	   0.00203
   0.95381	   0.00268
   0.94508	   0.00344
   0.93597	   0.00430
   0.92659	   0.00524
   0.91707	   0.00623
   0.90749	   0.00723
   0.89793	   0.00821
   0.88841	   0.00914
   0.87897	   0.01005
   0.86959	   0.01094
   0.86030	   0.01184
   0.85109	   0.01275
   0.84197	   0.01370
   0.83292	   0.01469
   0.82394	   0.01575
   0.81502	   0.01688
   0.80614	   0.01809
   0.79730	   0.01942
   0.78846	   0.02085
   0.77962	   0.02239
   0.77074	   0.02402
   0.76183	   0.02573
   0.75285	   0.02752
   0.74381	   0.02937
   0.73469	   0.03127
   0.72549	   0.03320
   0.71620	   0.03515
   0.70683	   0.03710
   0.69738	   0.03903
   0.68787	   0.04093
   0.67831	   0.04280
   0.66871	   0.04463
   0.65909	   0.04642
   0.64945	   0.04817
   0.63981	   0.04988
   0.63016	   0.05154
   0.62052	   0.05317
   0.61089	   0.05475
   0.60126	   0.05630
   0.59163	   0.05781
   0.58200	   0.05928
   0.57238	   0.06071
   0.56274	   0.06211
   0.55310	   0.06347
   0.54346	   0.06478
   0.53382	   0.06606
   0.52418	   0.06729
   0.51453	   0.06848
   0.50490	   0.06963
   0.49527	   0.07074
   0.48566	   0.07179
   0.47608	   0.07280
   0.46651	   0.07376
   0.45696	   0.07467
   0.44744	   0.07553
   0.43793	   0.07634
   0.42843	   0.07709
   0.41894	   0.07778
   0.40944	   0.07842
   0.39993	   0.07900
   0.39040	   0.07953
   0.38083	   0.08000
   0.37121	   0.08041
   0.36154	   0.08078
   0.35183	   0.08109
   0.34207	   0.08136
   0.33229	   0.08158
   0.32248	   0.08175
   0.31268	   0.08189
   0.30290	   0.08198
   0.29319	   0.08203
   0.28355	   0.08205
   0.27402	   0.08200
   0.26460	   0.08190
   0.25531	   0.08172
   0.24613	   0.08146
   0.23707	   0.08112
   0.22810	   0.08069
   0.21921	   0.08015
   0.21038	   0.07951
   0.20160	   0.07875
   0.19282	   0.07787
   0.18404	   0.07685
   0.17523	   0.07571
   0.16639	   0.07445
   0.15754	   0.07306
   0.14871	   0.07157
   0.13992	   0.06998
   0.13123	   0.06829
   0.12267	   0.06649
   0.11425	   0.06458
   0.10599	   0.06256
   0.09789	   0.06043
   0.08997	   0.05818
   0.08223	   0.05583
   0.07472	   0.05341
   0.06746	   0.05091
   0.06055	   0.04836
   0.05413	   0.04578
   0.04827	   0.04322
   0.04304	   0.04073
   0.03838	   0.03833
   0.03420	   0.03598
   0.03042	   0.03368
   0.02696	   0.03139
   0.02376	   0.02908
   0.02076	   0.02674
   0.01796	   0.02439
   0.01538	   0.02213
   0.01308	   0.02004
   0.01104	   0.01814
   0.00927	   0.01642
   0.00773	   0.01487
   0.00640	   0.01344
   0.00524	   0.01210
   0.00424	   0.01085
   0.00336	   0.00966
   0.00261	   0.00853
   0.00196	   0.00743
   0.00141	   0.00637
   0.00095	   0.00534
   0.00058	   0.00433
   0.00030	   0.00334
   0.00011	   0.00236
  -0.00000	   0.00139
  -0.00002	   0.00043
   0.00005	  -0.00053
   0.00021	  -0.00149
   0.00046	  -0.00246
   0.00080	  -0.00344
   0.00122	  -0.00442
   0.00173	  -0.00542
   0.00233	  -0.00642
   0.00303	  -0.00744
   0.00383	  -0.00848
   0.00474	  -0.00953
   0.00576	  -0.01060
   0.00692	  -0.01168
   0.00822	  -0.01278
   0.00968	  -0.01389
   0.01133	  -0.01500
   0.01319	  -0.01608
   0.01526	  -0.01711
   0.01761	  -0.01807
   0.02027	  -0.01898
   0.02330	  -0.01985
   0.02673	  -0.02075
   0.03063	  -0.02172
   0.03503	  -0.02275
   0.03994	  -0.02382
   0.04532	  -0.02488
   0.05112	  -0.02588
   0.05740	  -0.02679
   0.06429	  -0.02762
   0.07190	  -0.02840
   0.08023	  -0.02918
   0.08907	  -0.02994
   0.09813	  -0.03066
   0.10727	  -0.03131
   0.11650	  -0.03190
   0.12580	  -0.03242
   0.13518	  -0.03289
   0.14465	  -0.03329
   0.15420	  -0.03365
   0.16381	  -0.03395
   0.17347	  -0.03421
   0.18318	  -0.03442
   0.19292	  -0.03460
   0.20270	  -0.03474
   0.21251	  -0.03484
   0.22235	  -0.03492
   0.23223	  -0.03498
   0.24213	  -0.03502
   0.25206	  -0.03504
   0.26201	  -0.03504
   0.27199	  -0.03504
   0.28200	  -0.03502
   0.29202	  -0.03501
   0.30206	  -0.03500
   0.31211	  -0.03499
   0.32217	  -0.03498
   0.33223	  -0.03498
   0.34230	  -0.03498
   0.35238	  -0.03498
   0.36245	  -0.03499
   0.37252	  -0.03499
   0.38260	  -0.03499
   0.39267	  -0.03500
   0.40274	  -0.03500
   0.41281	  -0.03500
   0.42289	  -0.03500
   0.43296	  -0.03500
   0.44304	  -0.03500
   0.45312	  -0.03500
   0.46321	  -0.03500
   0.47329	  -0.03500
   0.48337	  -0.03500
   0.49345	  -0.03500
   0.50353	  -0.03500
   0.51359	  -0.03500
   0.52365	  -0.03501
   0.53370	  -0.03501
   0.54373	  -0.03502
   0.55376	  -0.03502
   0.56378	  -0.03502
   0.57380	  -0.03502
   0.58382	  -0.03501
   0.59385	  -0.03501
   0.60389	  -0.03500
   0.61395	  -0.03498
   0.62403	  -0.03496
   0.63408	  -0.03495
   0.64412	  -0.03493
   0.65414	  -0.03493
   0.66417	  -0.03492
   0.67422	  -0.03493
   0.68429	  -0.03495
   0.69431	  -0.03498
   0.70424	  -0.03502
   0.71405	  -0.03507
   0.72373	  -0.03511
   0.73325	  -0.03512
   0.74262	  -0.03509
   0.75185	  -0.03500
   0.76095	  -0.03484
   0.76992	  -0.03460
   0.77880	  -0.03426
   0.78759	  -0.03383
   0.79633	  -0.03327
   0.80505	  -0.03259
   0.81376	  -0.03177
   0.82251	  -0.03083
   0.83132	  -0.02978
   0.84020	  -0.02861
   0.84919	  -0.02734
   0.85829	  -0.02597
   0.86751	  -0.02451
   0.87688	  -0.02297
   0.88638	  -0.02136
   0.89602	  -0.01969
   0.90578	  -0.01799
   0.91563	  -0.01626
   0.92548	  -0.01450
   0.93521	  -0.01274
   0.94465	  -0.01100
   0.95367	  -0.00931
   0.96214	  -0.00768
   0.97003	  -0.00613
   0.97735	  -0.00467
   0.98414	  -0.00330
   0.99044	  -0.00200
   0.99630	  -0.00078
   1.00000	   0.00000
