CLARK Y
   1.00000	   0.00060
   0.99633	   0.00147
   0.99018	   0.00293
   0.98323	   0.00457
   0.97555	   0.00638
   0.96727	   0.00833
   0.95853	   0.01037
   0.94948	   0.01246
   0.94026	   0.01456
   0.93094	   0.01667
   0.92154	   0.01877
   0.91208	   0.02086
   0.90260	   0.02294
   0.89309	   0.02499
   0.88358	   0.02703
   0.87405	   0.02904
   0.86452	   0.03104
   0.85499	   0.03301
   0.84545	   0.03495
   0.83592	   0.03687
   0.82638	   0.03877
   0.81684	   0.04064
   0.80730	   0.04249
   0.79775	   0.04431
   0.78821	   0.04611
   0.77866	   0.04788
   0.76911	   0.04962
   0.75955	   0.05134
   0.75000	   0.05303
   0.74044	   0.05469
   0.73087	   0.05633
   0.72131	   0.05794
   0.71174	   0.05953
   0.70217	   0.06108
   0.69261	   0.06261
   0.68304	   0.06411
   0.67349	   0.06558
   0.66394	   0.06702
   0.65440	   0.06843
   0.64486	   0.06980
   0.63533	   0.07113
   0.62581	   0.07243
   0.61630	   0.07369
   0.60679	   0.07491
   0.59728	   0.07610
   0.58778	   0.07724
   0.57828	   0.07834
   0.56877	   0.07940
   0.55926	   0.08043
   0.54975	   0.08141
   0.54024	   0.08235
   0.53073	   0.08325
   0.52121	   0.08411
   0.51170	   0.08493
   0.50218	   0.08570
   0.49267	   0.08644
   0.48316	   0.08714
   0.47367	   0.08779
   0.46418	   0.08839
   0.45472	   0.08895
   0.44526	   0.08946
   0.43581	   0.08991
   0.42638	   0.09032
   0.41696	   0.09067
   0.40755	   0.09097
   0.39815	   0.09121
   0.38875	   0.09140
   0.37933	   0.09153
   0.36990	   0.09160
   0.36045	   0.09163
   0.35099	   0.09160
   0.34151	   0.09152
   0.33201	   0.09140
   0.32250	   0.09124
   0.31298	   0.09103
   0.30345	   0.09078
   0.29395	   0.09050
   0.28450	   0.09017
   0.27512	   0.08980
   0.26582	   0.08938
   0.25661	   0.08890
   0.24749	   0.08835
   0.23845	   0.08772
   0.22951	   0.08701
   0.22064	   0.08621
   0.21186	   0.08531
   0.20316	   0.08431
   0.19452	   0.08320
   0.18592	   0.08198
   0.17735	   0.08064
   0.16880	   0.07919
   0.16027	   0.07762
   0.15178	   0.07595
   0.14334	   0.07417
   0.13496	   0.07229
   0.12668	   0.07031
   0.11850	   0.06823
   0.11045	   0.06605
   0.10254	   0.06376
   0.09477	   0.06137
   0.08715	   0.05889
   0.07972	   0.05633
   0.07256	   0.05374
   0.06577	   0.05112
   0.05939	   0.04850
   0.05346	   0.04589
   0.04798	   0.04329
   0.04294	   0.04072
   0.03833	   0.03819
   0.03415	   0.03571
   0.03038	   0.03328
   0.02698	   0.03090
   0.02391	   0.02859
   0.02115	   0.02635
   0.01866	   0.02419
   0.01640	   0.02212
   0.01434	   0.02016
   0.01247	   0.01833
   0.01077	   0.01663
   0.00923	   0.01504
   0.00784	   0.01356
   0.00659	   0.01216
   0.00546	   0.01082
   0.00445	   0.00953
   0.00355	   0.00829
   0.00275	   0.00708
   0.00206	   0.00591
   0.00146	   0.00476
   0.00096	   0.00363
   0.00056	   0.00252
   0.00025	   0.00143
   0.00005	   0.00037
  -0.00005	  -0.00068
  -0.00005	  -0.00172
   0.00006	  -0.00278
   0.00026	  -0.00384
   0.00058	  -0.00490
   0.00101	  -0.00596
   0.00154	  -0.00702
   0.00217	  -0.00808
   0.00289	  -0.00913
   0.00372	  -0.01018
   0.00464	  -0.01123
   0.00567	  -0.01227
   0.00680	  -0.01330
   0.00805	  -0.01433
   0.00941	  -0.01534
   0.01091	  -0.01632
   0.01254	  -0.01727
   0.01434	  -0.01817
   0.01633	  -0.01901
   0.01852	  -0.01981
   0.02095	  -0.02055
   0.02364	  -0.02125
   0.02667	  -0.02193
   0.03008	  -0.02262
   0.03391	  -0.02338
   0.03816	  -0.02419
   0.04285	  -0.02500
   0.04802	  -0.02578
   0.05372	  -0.02649
   0.06000	  -0.02713
   0.06690	  -0.02768
   0.07444	  -0.02816
   0.08257	  -0.02859
   0.09110	  -0.02901
   0.09987	  -0.02937
   0.10880	  -0.02968
   0.11787	  -0.02992
   0.12706	  -0.03009
   0.13634	  -0.03021
   0.14568	  -0.03027
   0.15507	  -0.03027
   0.16452	  -0.03023
   0.17402	  -0.03013
   0.18356	  -0.02999
   0.19315	  -0.02981
   0.20278	  -0.02960
   0.21245	  -0.02936
   0.22215	  -0.02908
   0.23189	  -0.02878
   0.24166	  -0.02846
   0.25146	  -0.02812
   0.26130	  -0.02777
   0.27116	  -0.02740
   0.28106	  -0.02703
   0.29097	  -0.02665
   0.30088	  -0.02627
   0.31081	  -0.02590
   0.32074	  -0.02553
   0.33067	  -0.02516
   0.34062	  -0.02480
   0.35056	  -0.02443
   0.36051	  -0.02407
   0.37047	  -0.02371
   0.38042	  -0.02335
   0.39038	  -0.02298
   0.40034	  -0.02262
   0.41030	  -0.02226
   0.42025	  -0.02189
   0.43021	  -0.02153
   0.44017	  -0.02116
   0.45013	  -0.02080
   0.46009	  -0.02043
   0.47005	  -0.02007
   0.48001	  -0.01970
   0.48998	  -0.01933
   0.49994	  -0.01896
   0.50990	  -0.01860
   0.51986	  -0.01823
   0.52983	  -0.01787
   0.53979	  -0.01750
   0.54975	  -0.01713
   0.55972	  -0.01677
   0.56968	  -0.01640
   0.57964	  -0.01604
   0.58961	  -0.01567
   0.59957	  -0.01531
   0.60954	  -0.01494
   0.61950	  -0.01457
   0.62946	  -0.01421
   0.63943	  -0.01384
   0.64939	  -0.01348
   0.65936	  -0.01311
   0.66932	  -0.01274
   0.67928	  -0.01238
   0.68925	  -0.01201
   0.69921	  -0.01165
   0.70918	  -0.01128
   0.71914	  -0.01091
   0.72911	  -0.01055
   0.73907	  -0.01018
   0.74903	  -0.00982
   0.75900	  -0.00945
   0.76896	  -0.00908
   0.77893	  -0.00872
   0.78889	  -0.00835
   0.79886	  -0.00799
   0.80882	  -0.00762
   0.81879	  -0.00725
   0.82875	  -0.00689
   0.83871	  -0.00652
   0.84868	  -0.00616
   0.85864	  -0.00579
   0.86860	  -0.00542
   0.87856	  -0.00506
   0.88851	  -0.00469
   0.89845	  -0.00433
   0.90838	  -0.00396
   0.91828	  -0.00360
   0.92814	  -0.00324
   0.93791	  -0.00288
   0.94757	  -0.00252
   0.95703	  -0.00218
   0.96616	  -0.00184
   0.97477	  -0.00153
   0.98272	  -0.00123
   0.98990	  -0.00097
   0.99623	  -0.00074
   1.00000	  -0.00060
