CLARK X
   1.00000	   0.00120
   0.99638	   0.00207
   0.99062	   0.00344
   0.98442	   0.00491
   0.97772	   0.00649
   0.97049	   0.00818
   0.96268	   0.00999
   0.95430	   0.01192
   0.94539	   0.01395
   0.93609	   0.01605
   0.92657	   0.01818
   0.91698	   0.02030
   0.90743	   0.02239
   0.89796	   0.02444
   0.88856	   0.02645
   0.87921	   0.02843
   0.86989	   0.03037
   0.86057	   0.03229
   0.85125	   0.03419
   0.84191	   0.03607
   0.83254	   0.03793
   0.82314	   0.03978
   0.81369	   0.04160
   0.80422	   0.04340
   0.79471	   0.04519
   0.78518	   0.04695
   0.77563	   0.04869
   0.76606	   0.05041
   0.75649	   0.05210
   0.74692	   0.05376
   0.73735	   0.05539
   0.72778	   0.05700
   0.71822	   0.05857
   0.70867	   0.06012
   0.69913	   0.06164
   0.68960	   0.06312
   0.68008	   0.06458
   0.67057	   0.06600
   0.66106	   0.06740
   0.65156	   0.06875
   0.64207	   0.07008
   0.63258	   0.07136
   0.62310	   0.07261
   0.61362	   0.07383
   0.60414	   0.07500
   0.59466	   0.07613
   0.58519	   0.07723
   0.57570	   0.07828
   0.56622	   0.07929
   0.55673	   0.08026
   0.54725	   0.08119
   0.53775	   0.08208
   0.52826	   0.08293
   0.51877	   0.08373
   0.50927	   0.08450
   0.49978	   0.08522
   0.49029	   0.08589
   0.48081	   0.08652
   0.47133	   0.08711
   0.46186	   0.08765
   0.45240	   0.08815
   0.44295	   0.08859
   0.43351	   0.08899
   0.42407	   0.08934
   0.41464	   0.08964
   0.40521	   0.08989
   0.39579	   0.09008
   0.38636	   0.09022
   0.37693	   0.09031
   0.36750	   0.09035
   0.35806	   0.09033
   0.34862	   0.09026
   0.33919	   0.09013
   0.32976	   0.08995
   0.32033	   0.08971
   0.31093	   0.08942
   0.30154	   0.08906
   0.29219	   0.08865
   0.28288	   0.08819
   0.27360	   0.08766
   0.26438	   0.08707
   0.25520	   0.08641
   0.24607	   0.08568
   0.23698	   0.08489
   0.22793	   0.08402
   0.21892	   0.08307
   0.20993	   0.08204
   0.20096	   0.08092
   0.19199	   0.07972
   0.18303	   0.07842
   0.17407	   0.07703
   0.16514	   0.07555
   0.15628	   0.07398
   0.14754	   0.07233
   0.13897	   0.07060
   0.13061	   0.06880
   0.12247	   0.06691
   0.11452	   0.06491
   0.10674	   0.06279
   0.09908	   0.06052
   0.09149	   0.05808
   0.08394	   0.05548
   0.07649	   0.05276
   0.06924	   0.04997
   0.06231	   0.04715
   0.05578	   0.04430
   0.04971	   0.04146
   0.04410	   0.03864
   0.03895	   0.03589
   0.03427	   0.03324
   0.03001	   0.03072
   0.02615	   0.02833
   0.02264	   0.02607
   0.01946	   0.02391
   0.01663	   0.02186
   0.01415	   0.01994
   0.01199	   0.01817
   0.01011	   0.01654
   0.00849	   0.01504
   0.00708	   0.01365
   0.00586	   0.01235
   0.00479	   0.01113
   0.00386	   0.00996
   0.00306	   0.00884
   0.00236	   0.00776
   0.00176	   0.00671
   0.00125	   0.00569
   0.00083	   0.00470
   0.00050	   0.00372
   0.00025	   0.00276
   0.00008	   0.00181
  -0.00000	   0.00086
   0.00000	  -0.00008
   0.00010	  -0.00102
   0.00028	  -0.00197
   0.00054	  -0.00292
   0.00089	  -0.00388
   0.00133	  -0.00485
   0.00185	  -0.00583
   0.00247	  -0.00684
   0.00318	  -0.00786
   0.00400	  -0.00891
   0.00493	  -0.00998
   0.00598	  -0.01108
   0.00717	  -0.01221
   0.00852	  -0.01338
   0.01004	  -0.01459
   0.01177	  -0.01582
   0.01370	  -0.01705
   0.01585	  -0.01826
   0.01825	  -0.01944
   0.02091	  -0.02056
   0.02383	  -0.02162
   0.02704	  -0.02263
   0.03059	  -0.02361
   0.03454	  -0.02456
   0.03896	  -0.02546
   0.04395	  -0.02633
   0.04956	  -0.02714
   0.05586	  -0.02791
   0.06282	  -0.02862
   0.07037	  -0.02926
   0.07838	  -0.02983
   0.08672	  -0.03035
   0.09528	  -0.03080
   0.10403	  -0.03115
   0.11295	  -0.03140
   0.12210	  -0.03158
   0.13145	  -0.03169
   0.14101	  -0.03176
   0.15071	  -0.03180
   0.16048	  -0.03184
   0.17020	  -0.03187
   0.17984	  -0.03186
   0.18936	  -0.03181
   0.19876	  -0.03172
   0.20807	  -0.03156
   0.21734	  -0.03134
   0.22659	  -0.03108
   0.23585	  -0.03077
   0.24514	  -0.03042
   0.25449	  -0.03004
   0.26391	  -0.02963
   0.27341	  -0.02921
   0.28300	  -0.02877
   0.29266	  -0.02833
   0.30240	  -0.02789
   0.31220	  -0.02747
   0.32205	  -0.02705
   0.33193	  -0.02665
   0.34182	  -0.02625
   0.35171	  -0.02586
   0.36160	  -0.02548
   0.37149	  -0.02510
   0.38138	  -0.02472
   0.39126	  -0.02434
   0.40112	  -0.02396
   0.41098	  -0.02357
   0.42083	  -0.02318
   0.43068	  -0.02279
   0.44053	  -0.02240
   0.45038	  -0.02200
   0.46024	  -0.02161
   0.47011	  -0.02121
   0.47998	  -0.02081
   0.48985	  -0.02041
   0.49974	  -0.02001
   0.50963	  -0.01961
   0.51952	  -0.01921
   0.52942	  -0.01882
   0.53931	  -0.01842
   0.54921	  -0.01803
   0.55910	  -0.01763
   0.56899	  -0.01724
   0.57889	  -0.01684
   0.58878	  -0.01645
   0.59868	  -0.01605
   0.60857	  -0.01566
   0.61846	  -0.01526
   0.62835	  -0.01487
   0.63824	  -0.01447
   0.64812	  -0.01408
   0.65800	  -0.01368
   0.66788	  -0.01329
   0.67777	  -0.01289
   0.68765	  -0.01249
   0.69754	  -0.01210
   0.70744	  -0.01170
   0.71733	  -0.01131
   0.72720	  -0.01091
   0.73707	  -0.01052
   0.74693	  -0.01012
   0.75678	  -0.00973
   0.76663	  -0.00933
   0.77649	  -0.00894
   0.78635	  -0.00855
   0.79623	  -0.00815
   0.80611	  -0.00776
   0.81597	  -0.00736
   0.82580	  -0.00697
   0.83558	  -0.00658
   0.84534	  -0.00619
   0.85507	  -0.00580
   0.86478	  -0.00541
   0.87450	  -0.00502
   0.88423	  -0.00463
   0.89401	  -0.00424
   0.90386	  -0.00385
   0.91371	  -0.00345
   0.92350	  -0.00306
   0.93333	  -0.00267
   0.94308	  -0.00228
   0.95244	  -0.00190
   0.96125	  -0.00155
   0.96943	  -0.00122
   0.97697	  -0.00092
   0.98392	  -0.00064
   0.99033	  -0.00039
   0.99627	  -0.00015
   1.00000	   0.00000
