CLARK YH
   1.00000	   0.02100
   0.99631	   0.02152
   0.99043	   0.02235
   0.98408	   0.02327
   0.97720	   0.02429
   0.96972	   0.02542
   0.96159	   0.02667
   0.95282	   0.02805
   0.94348	   0.02956
   0.93372	   0.03117
   0.92374	   0.03286
   0.91371	   0.03458
   0.90375	   0.03633
   0.89388	   0.03809
   0.88407	   0.03987
   0.87429	   0.04166
   0.86452	   0.04348
   0.85474	   0.04532
   0.84493	   0.04719
   0.83508	   0.04909
   0.82520	   0.05101
   0.81529	   0.05296
   0.80535	   0.05493
   0.79540	   0.05692
   0.78547	   0.05893
   0.77557	   0.06093
   0.76571	   0.06292
   0.75591	   0.06489
   0.74615	   0.06683
   0.73644	   0.06873
   0.72677	   0.07059
   0.71714	   0.07240
   0.70752	   0.07416
   0.69791	   0.07587
   0.68827	   0.07751
   0.67860	   0.07911
   0.66888	   0.08067
   0.65910	   0.08221
   0.64926	   0.08371
   0.63934	   0.08520
   0.62937	   0.08668
   0.61934	   0.08816
   0.60928	   0.08964
   0.59919	   0.09112
   0.58912	   0.09261
   0.57907	   0.09410
   0.56907	   0.09557
   0.55912	   0.09703
   0.54924	   0.09845
   0.53942	   0.09984
   0.52964	   0.10119
   0.51992	   0.10249
   0.51022	   0.10374
   0.50052	   0.10494
   0.49081	   0.10608
   0.48107	   0.10716
   0.47127	   0.10820
   0.46141	   0.10919
   0.45147	   0.11014
   0.44147	   0.11106
   0.43141	   0.11194
   0.42130	   0.11280
   0.41119	   0.11362
   0.40109	   0.11442
   0.39105	   0.11518
   0.38111	   0.11591
   0.37130	   0.11659
   0.36161	   0.11720
   0.35207	   0.11773
   0.34265	   0.11818
   0.33335	   0.11855
   0.32413	   0.11882
   0.31499	   0.11898
   0.30589	   0.11903
   0.29678	   0.11896
   0.28764	   0.11877
   0.27842	   0.11846
   0.26909	   0.11805
   0.25963	   0.11754
   0.25003	   0.11693
   0.24027	   0.11625
   0.23036	   0.11550
   0.22034	   0.11470
   0.21024	   0.11386
   0.20012	   0.11301
   0.19007	   0.11216
   0.18017	   0.11129
   0.17050	   0.11037
   0.16113	   0.10937
   0.15211	   0.10828
   0.14349	   0.10709
   0.13525	   0.10580
   0.12736	   0.10439
   0.11973	   0.10287
   0.11226	   0.10119
   0.10481	   0.09932
   0.09722	   0.09719
   0.08925	   0.09473
   0.08087	   0.09197
   0.07254	   0.08917
   0.06504	   0.08663
   0.05847	   0.08429
   0.05254	   0.08203
   0.04690	   0.07968
   0.04118	   0.07702
   0.03536	   0.07403
   0.03001	   0.07102
   0.02556	   0.06834
   0.02193	   0.06607
   0.01895	   0.06410
   0.01644	   0.06238
   0.01429	   0.06082
   0.01242	   0.05938
   0.01077	   0.05805
   0.00931	   0.05679
   0.00800	   0.05560
   0.00683	   0.05446
   0.00578	   0.05337
   0.00484	   0.05232
   0.00399	   0.05129
   0.00324	   0.05030
   0.00258	   0.04933
   0.00199	   0.04838
   0.00149	   0.04745
   0.00106	   0.04653
   0.00070	   0.04563
   0.00041	   0.04474
   0.00020	   0.04385
   0.00005	   0.04298
  -0.00002	   0.04211
  -0.00001	   0.04124
   0.00006	   0.04037
   0.00022	   0.03950
   0.00045	   0.03863
   0.00075	   0.03776
   0.00112	   0.03688
   0.00157	   0.03599
   0.00209	   0.03510
   0.00268	   0.03420
   0.00336	   0.03328
   0.00412	   0.03235
   0.00496	   0.03141
   0.00590	   0.03045
   0.00693	   0.02947
   0.00808	   0.02847
   0.00934	   0.02744
   0.01073	   0.02639
   0.01228	   0.02530
   0.01399	   0.02417
   0.01592	   0.02300
   0.01808	   0.02178
   0.02055	   0.02051
   0.02338	   0.01919
   0.02666	   0.01784
   0.03046	   0.01650
   0.03488	   0.01521
   0.03990	   0.01402
   0.04532	   0.01292
   0.05092	   0.01181
   0.05666	   0.01060
   0.06257	   0.00933
   0.06868	   0.00810
   0.07504	   0.00699
   0.08174	   0.00612
   0.08890	   0.00542
   0.09661	   0.00478
   0.10485	   0.00406
   0.11341	   0.00322
   0.12204	   0.00233
   0.13054	   0.00148
   0.13886	   0.00074
   0.14701	   0.00016
   0.15509	  -0.00021
   0.16323	  -0.00040
   0.17156	  -0.00044
   0.18017	  -0.00036
   0.18914	  -0.00021
   0.19854	  -0.00003
   0.20836	   0.00013
   0.21852	   0.00023
   0.22870	   0.00028
   0.23876	   0.00030
   0.24876	   0.00028
   0.25878	   0.00024
   0.26886	   0.00018
   0.27904	   0.00012
   0.28930	   0.00006
   0.29949	   0.00000
   0.30960	  -0.00004
   0.31966	  -0.00006
   0.32970	  -0.00007
   0.33973	  -0.00008
   0.34977	  -0.00007
   0.35985	  -0.00006
   0.36996	  -0.00004
   0.38011	  -0.00003
   0.39030	  -0.00001
   0.40054	   0.00000
   0.41080	   0.00001
   0.42109	   0.00001
   0.43138	   0.00001
   0.44168	   0.00000
   0.45198	  -0.00000
   0.46227	  -0.00001
   0.47255	  -0.00001
   0.48282	  -0.00001
   0.49308	  -0.00001
   0.50333	   0.00000
   0.51358	   0.00002
   0.52382	   0.00003
   0.53406	   0.00005
   0.54429	   0.00006
   0.55453	   0.00007
   0.56475	   0.00008
   0.57497	   0.00007
   0.58516	   0.00005
   0.59534	   0.00002
   0.60549	  -0.00003
   0.61560	  -0.00009
   0.62566	  -0.00015
   0.63568	  -0.00021
   0.64565	  -0.00026
   0.65558	  -0.00029
   0.66547	  -0.00029
   0.67532	  -0.00027
   0.68514	  -0.00020
   0.69494	  -0.00008
   0.70473	   0.00009
   0.71452	   0.00031
   0.72434	   0.00059
   0.73418	   0.00092
   0.74405	   0.00129
   0.75396	   0.00170
   0.76392	   0.00215
   0.77393	   0.00263
   0.78398	   0.00314
   0.79409	   0.00368
   0.80423	   0.00423
   0.81442	   0.00480
   0.82464	   0.00539
   0.83489	   0.00599
   0.84515	   0.00660
   0.85542	   0.00722
   0.86569	   0.00785
   0.87595	   0.00849
   0.88619	   0.00913
   0.89640	   0.00977
   0.90656	   0.01042
   0.91664	   0.01108
   0.92659	   0.01177
   0.93628	   0.01251
   0.94559	   0.01329
   0.95443	   0.01413
   0.96271	   0.01501
   0.97044	   0.01590
   0.97761	   0.01679
   0.98429	   0.01768
   0.99051	   0.01856
   0.99633	   0.01943
   1.00000	   0.02000
