CLARK K
   1.00000	   0.00060
   0.99625	   0.00149
   0.99045	   0.00287
   0.98439	   0.00429
   0.97807	   0.00577
   0.97147	   0.00731
   0.96455	   0.00890
   0.95731	   0.01056
   0.94972	   0.01228
   0.94175	   0.01408
   0.93340	   0.01594
   0.92466	   0.01787
   0.91553	   0.01987
   0.90604	   0.02193
   0.89621	   0.02403
   0.88611	   0.02617
   0.87582	   0.02832
   0.86552	   0.03045
   0.85527	   0.03254
   0.84500	   0.03461
   0.83469	   0.03666
   0.82433	   0.03868
   0.81406	   0.04067
   0.80386	   0.04260
   0.79374	   0.04450
   0.78367	   0.04635
   0.77362	   0.04817
   0.76359	   0.04996
   0.75355	   0.05172
   0.74351	   0.05345
   0.73344	   0.05516
   0.72335	   0.05684
   0.71323	   0.05849
   0.70309	   0.06012
   0.69294	   0.06172
   0.68278	   0.06329
   0.67262	   0.06482
   0.66246	   0.06632
   0.65232	   0.06778
   0.64220	   0.06920
   0.63209	   0.07058
   0.62200	   0.07191
   0.61192	   0.07320
   0.60186	   0.07444
   0.59181	   0.07564
   0.58175	   0.07678
   0.57170	   0.07788
   0.56164	   0.07894
   0.55158	   0.07995
   0.54150	   0.08092
   0.53141	   0.08184
   0.52132	   0.08272
   0.51121	   0.08355
   0.50111	   0.08434
   0.49099	   0.08508
   0.48088	   0.08578
   0.47077	   0.08643
   0.46068	   0.08704
   0.45059	   0.08759
   0.44051	   0.08809
   0.43046	   0.08853
   0.42041	   0.08892
   0.41039	   0.08925
   0.40039	   0.08953
   0.39041	   0.08974
   0.38045	   0.08990
   0.37050	   0.08999
   0.36058	   0.09002
   0.35068	   0.08999
   0.34079	   0.08990
   0.33092	   0.08974
   0.32105	   0.08952
   0.31119	   0.08923
   0.30133	   0.08888
   0.29145	   0.08846
   0.28157	   0.08796
   0.27166	   0.08740
   0.26173	   0.08676
   0.25179	   0.08604
   0.24185	   0.08524
   0.23193	   0.08436
   0.22205	   0.08340
   0.21222	   0.08236
   0.20249	   0.08124
   0.19287	   0.08005
   0.18341	   0.07879
   0.17412	   0.07745
   0.16502	   0.07602
   0.15611	   0.07451
   0.14739	   0.07290
   0.13884	   0.07119
   0.13045	   0.06937
   0.12220	   0.06743
   0.11407	   0.06537
   0.10604	   0.06316
   0.09808	   0.06079
   0.09016	   0.05826
   0.08232	   0.05555
   0.07471	   0.05275
   0.06758	   0.04995
   0.06107	   0.04723
   0.05510	   0.04459
   0.04952	   0.04197
   0.04414	   0.03928
   0.03878	   0.03640
   0.03358	   0.03341
   0.02889	   0.03054
   0.02489	   0.02798
   0.02151	   0.02573
   0.01866	   0.02376
   0.01621	   0.02199
   0.01410	   0.02039
   0.01224	   0.01890
   0.01060	   0.01751
   0.00914	   0.01620
   0.00784	   0.01495
   0.00667	   0.01376
   0.00562	   0.01261
   0.00468	   0.01149
   0.00385	   0.01041
   0.00310	   0.00936
   0.00245	   0.00833
   0.00187	   0.00732
   0.00138	   0.00633
   0.00096	   0.00535
   0.00062	   0.00438
   0.00035	   0.00342
   0.00016	   0.00247
   0.00004	   0.00153
  -0.00001	   0.00059
   0.00002	  -0.00035
   0.00012	  -0.00128
   0.00030	  -0.00222
   0.00055	  -0.00316
   0.00087	  -0.00411
   0.00125	  -0.00505
   0.00171	  -0.00601
   0.00223	  -0.00696
   0.00283	  -0.00793
   0.00350	  -0.00890
   0.00424	  -0.00987
   0.00505	  -0.01086
   0.00595	  -0.01185
   0.00693	  -0.01285
   0.00799	  -0.01385
   0.00915	  -0.01487
   0.01041	  -0.01590
   0.01178	  -0.01693
   0.01326	  -0.01797
   0.01487	  -0.01901
   0.01663	  -0.02005
   0.01855	  -0.02109
   0.02064	  -0.02211
   0.02294	  -0.02309
   0.02545	  -0.02402
   0.02820	  -0.02483
   0.03120	  -0.02551
   0.03450	  -0.02602
   0.03811	  -0.02636
   0.04206	  -0.02653
   0.04636	  -0.02657
   0.05103	  -0.02659
   0.05612	  -0.02671
   0.06173	  -0.02699
   0.06790	  -0.02743
   0.07470	  -0.02806
   0.08205	  -0.02885
   0.08980	  -0.02976
   0.09779	  -0.03066
   0.10593	  -0.03144
   0.11422	  -0.03206
   0.12268	  -0.03253
   0.13134	  -0.03284
   0.14022	  -0.03302
   0.14933	  -0.03307
   0.15868	  -0.03300
   0.16828	  -0.03283
   0.17814	  -0.03256
   0.18825	  -0.03224
   0.19858	  -0.03187
   0.20909	  -0.03149
   0.21961	  -0.03111
   0.23006	  -0.03073
   0.24046	  -0.03036
   0.25085	  -0.02998
   0.26126	  -0.02961
   0.27172	  -0.02923
   0.28222	  -0.02884
   0.29277	  -0.02845
   0.30328	  -0.02806
   0.31376	  -0.02766
   0.32422	  -0.02725
   0.33468	  -0.02684
   0.34513	  -0.02643
   0.35559	  -0.02601
   0.36607	  -0.02560
   0.37657	  -0.02517
   0.38709	  -0.02475
   0.39763	  -0.02433
   0.40818	  -0.02391
   0.41875	  -0.02349
   0.42932	  -0.02308
   0.43988	  -0.02266
   0.45044	  -0.02225
   0.46100	  -0.02183
   0.47157	  -0.02142
   0.48214	  -0.02100
   0.49271	  -0.02059
   0.50327	  -0.02017
   0.51383	  -0.01976
   0.52439	  -0.01934
   0.53494	  -0.01893
   0.54549	  -0.01851
   0.55605	  -0.01809
   0.56660	  -0.01767
   0.57716	  -0.01726
   0.58771	  -0.01684
   0.59828	  -0.01642
   0.60885	  -0.01601
   0.61941	  -0.01559
   0.62997	  -0.01517
   0.64052	  -0.01476
   0.65106	  -0.01434
   0.66160	  -0.01393
   0.67214	  -0.01351
   0.68268	  -0.01310
   0.69323	  -0.01269
   0.70380	  -0.01227
   0.71435	  -0.01186
   0.72487	  -0.01144
   0.73537	  -0.01103
   0.74584	  -0.01062
   0.75630	  -0.01020
   0.76674	  -0.00979
   0.77719	  -0.00938
   0.78767	  -0.00897
   0.79818	  -0.00855
   0.80873	  -0.00814
   0.81919	  -0.00773
   0.82956	  -0.00732
   0.83985	  -0.00691
   0.85008	  -0.00651
   0.86027	  -0.00610
   0.87049	  -0.00570
   0.88079	  -0.00530
   0.89123	  -0.00488
   0.90165	  -0.00447
   0.91172	  -0.00407
   0.92140	  -0.00369
   0.93064	  -0.00333
   0.93945	  -0.00298
   0.94782	  -0.00265
   0.95578	  -0.00234
   0.96334	  -0.00204
   0.97053	  -0.00176
   0.97739	  -0.00149
   0.98392	  -0.00123
   0.99017	  -0.00099
   0.99615	  -0.00075
   1.00000	  -0.00060
