NACA 2410
   1.00000	   0.00105
   0.99675	   0.00166
   0.99139	   0.00263
   0.98519	   0.00375
   0.97815	   0.00501
   0.97037	   0.00638
   0.96201	   0.00785
   0.95325	   0.00936
   0.94423	   0.01089
   0.93506	   0.01244
   0.92580	   0.01397
   0.91649	   0.01550
   0.90715	   0.01700
   0.89779	   0.01849
   0.88842	   0.01996
   0.87904	   0.02142
   0.86965	   0.02285
   0.86026	   0.02426
   0.85087	   0.02565
   0.84147	   0.02703
   0.83206	   0.02838
   0.82266	   0.02971
   0.81325	   0.03103
   0.80384	   0.03232
   0.79442	   0.03360
   0.78500	   0.03485
   0.77558	   0.03609
   0.76616	   0.03730
   0.75673	   0.03850
   0.74730	   0.03968
   0.73787	   0.04083
   0.72844	   0.04197
   0.71901	   0.04309
   0.70957	   0.04418
   0.70013	   0.04526
   0.69070	   0.04632
   0.68126	   0.04735
   0.67182	   0.04837
   0.66238	   0.04936
   0.65294	   0.05034
   0.64350	   0.05129
   0.63406	   0.05222
   0.62462	   0.05313
   0.61518	   0.05402
   0.60574	   0.05488
   0.59630	   0.05573
   0.58686	   0.05655
   0.57742	   0.05735
   0.56798	   0.05812
   0.55855	   0.05887
   0.54911	   0.05960
   0.53968	   0.06031
   0.53025	   0.06099
   0.52082	   0.06164
   0.51140	   0.06227
   0.50197	   0.06288
   0.49255	   0.06345
   0.48313	   0.06401
   0.47372	   0.06453
   0.46431	   0.06503
   0.45490	   0.06550
   0.44550	   0.06594
   0.43611	   0.06635
   0.42672	   0.06673
   0.41735	   0.06708
   0.40799	   0.06740
   0.39866	   0.06769
   0.38937	   0.06794
   0.38010	   0.06814
   0.37084	   0.06830
   0.36160	   0.06841
   0.35236	   0.06848
   0.34314	   0.06850
   0.33392	   0.06848
   0.32472	   0.06840
   0.31553	   0.06828
   0.30634	   0.06811
   0.29717	   0.06788
   0.28801	   0.06761
   0.27887	   0.06728
   0.26974	   0.06691
   0.26063	   0.06647
   0.25154	   0.06598
   0.24246	   0.06543
   0.23341	   0.06483
   0.22438	   0.06416
   0.21537	   0.06344
   0.20640	   0.06265
   0.19745	   0.06180
   0.18853	   0.06088
   0.17965	   0.05990
   0.17081	   0.05884
   0.16201	   0.05772
   0.15326	   0.05652
   0.14456	   0.05525
   0.13593	   0.05390
   0.12737	   0.05247
   0.11889	   0.05097
   0.11050	   0.04938
   0.10224	   0.04771
   0.09411	   0.04596
   0.08616	   0.04412
   0.07841	   0.04222
   0.07093	   0.04026
   0.06376	   0.03825
   0.05698	   0.03621
   0.05065	   0.03418
   0.04482	   0.03216
   0.03951	   0.03020
   0.03474	   0.02831
   0.03048	   0.02650
   0.02670	   0.02479
   0.02335	   0.02315
   0.02037	   0.02160
   0.01773	   0.02013
   0.01538	   0.01872
   0.01328	   0.01736
   0.01140	   0.01606
   0.00971	   0.01480
   0.00820	   0.01358
   0.00685	   0.01238
   0.00563	   0.01121
   0.00455	   0.01005
   0.00359	   0.00891
   0.00275	   0.00778
   0.00203	   0.00666
   0.00142	   0.00554
   0.00091	   0.00443
   0.00052	   0.00334
   0.00024	   0.00225
   0.00007	   0.00118
   0.00000	   0.00015
   0.00003	  -0.00088
   0.00016	  -0.00193
   0.00040	  -0.00300
   0.00076	  -0.00407
   0.00123	  -0.00513
   0.00183	  -0.00619
   0.00255	  -0.00724
   0.00339	  -0.00826
   0.00435	  -0.00927
   0.00543	  -0.01026
   0.00664	  -0.01124
   0.00799	  -0.01221
   0.00948	  -0.01317
   0.01112	  -0.01412
   0.01293	  -0.01507
   0.01494	  -0.01602
   0.01717	  -0.01698
   0.01964	  -0.01795
   0.02240	  -0.01893
   0.02549	  -0.01992
   0.02895	  -0.02093
   0.03285	  -0.02196
   0.03724	  -0.02300
   0.04216	  -0.02404
   0.04764	  -0.02508
   0.05370	  -0.02609
   0.06030	  -0.02707
   0.06740	  -0.02800
   0.07494	  -0.02885
   0.08283	  -0.02964
   0.09101	  -0.03034
   0.09942	  -0.03097
   0.10802	  -0.03152
   0.11676	  -0.03200
   0.12561	  -0.03240
   0.13457	  -0.03274
   0.14360	  -0.03303
   0.15270	  -0.03325
   0.16186	  -0.03343
   0.17106	  -0.03356
   0.18032	  -0.03364
   0.18961	  -0.03368
   0.19894	  -0.03369
   0.20830	  -0.03366
   0.21769	  -0.03360
   0.22711	  -0.03351
   0.23655	  -0.03340
   0.24601	  -0.03326
   0.25549	  -0.03310
   0.26500	  -0.03291
   0.27452	  -0.03271
   0.28406	  -0.03250
   0.29361	  -0.03226
   0.30318	  -0.03201
   0.31276	  -0.03176
   0.32236	  -0.03148
   0.33196	  -0.03121
   0.34158	  -0.03092
   0.35121	  -0.03062
   0.36085	  -0.03032
   0.37050	  -0.03001
   0.38014	  -0.02970
   0.38980	  -0.02939
   0.39944	  -0.02908
   0.40906	  -0.02876
   0.41865	  -0.02843
   0.42824	  -0.02809
   0.43783	  -0.02774
   0.44743	  -0.02738
   0.45703	  -0.02700
   0.46663	  -0.02662
   0.47624	  -0.02623
   0.48586	  -0.02583
   0.49548	  -0.02543
   0.50510	  -0.02501
   0.51473	  -0.02459
   0.52436	  -0.02417
   0.53400	  -0.02374
   0.54364	  -0.02330
   0.55328	  -0.02286
   0.56293	  -0.02241
   0.57258	  -0.02197
   0.58223	  -0.02151
   0.59189	  -0.02106
   0.60155	  -0.02060
   0.61121	  -0.02013
   0.62088	  -0.01967
   0.63055	  -0.01920
   0.64022	  -0.01874
   0.64989	  -0.01827
   0.65956	  -0.01780
   0.66924	  -0.01732
   0.67892	  -0.01685
   0.68860	  -0.01638
   0.69828	  -0.01590
   0.70796	  -0.01543
   0.71764	  -0.01495
   0.72732	  -0.01448
   0.73701	  -0.01400
   0.74669	  -0.01353
   0.75637	  -0.01305
   0.76605	  -0.01258
   0.77573	  -0.01210
   0.78541	  -0.01163
   0.79509	  -0.01116
   0.80477	  -0.01068
   0.81444	  -0.01021
   0.82412	  -0.00973
   0.83379	  -0.00926
   0.84347	  -0.00879
   0.85314	  -0.00831
   0.86281	  -0.00784
   0.87247	  -0.00737
   0.88214	  -0.00690
   0.89181	  -0.00642
   0.90146	  -0.00595
   0.91111	  -0.00547
   0.92073	  -0.00500
   0.93033	  -0.00453
   0.93986	  -0.00406
   0.94927	  -0.00359
   0.95850	  -0.00313
   0.96741	  -0.00269
   0.97582	  -0.00226
   0.98355	  -0.00188
   0.99045	  -0.00153
   0.99646	  -0.00122
   1.00000	  -0.00105
