NACA 0015
   1.00000	   0.00158
   0.99579	   0.00231
   0.98901	   0.00349
   0.98167	   0.00475
   0.97374	   0.00611
   0.96524	   0.00754
   0.95619	   0.00906
   0.94666	   0.01063
   0.93669	   0.01226
   0.92636	   0.01393
   0.91573	   0.01563
   0.90486	   0.01734
   0.89382	   0.01905
   0.88264	   0.02077
   0.87135	   0.02248
   0.85999	   0.02418
   0.84856	   0.02587
   0.83710	   0.02754
   0.82560	   0.02919
   0.81407	   0.03082
   0.80253	   0.03244
   0.79098	   0.03403
   0.77941	   0.03560
   0.76784	   0.03716
   0.75626	   0.03869
   0.74468	   0.04019
   0.73310	   0.04168
   0.72152	   0.04314
   0.70994	   0.04458
   0.69836	   0.04600
   0.68678	   0.04739
   0.67521	   0.04876
   0.66364	   0.05010
   0.65208	   0.05142
   0.64052	   0.05272
   0.62897	   0.05398
   0.61743	   0.05522
   0.60590	   0.05643
   0.59438	   0.05762
   0.58287	   0.05877
   0.57137	   0.05990
   0.55988	   0.06099
   0.54841	   0.06205
   0.53696	   0.06308
   0.52552	   0.06408
   0.51409	   0.06504
   0.50269	   0.06596
   0.49130	   0.06685
   0.47994	   0.06770
   0.46860	   0.06851
   0.45728	   0.06928
   0.44598	   0.07001
   0.43472	   0.07070
   0.42348	   0.07134
   0.41227	   0.07194
   0.40109	   0.07249
   0.38994	   0.07299
   0.37883	   0.07344
   0.36776	   0.07383
   0.35672	   0.07418
   0.34574	   0.07446
   0.33479	   0.07469
   0.32389	   0.07486
   0.31305	   0.07497
   0.30225	   0.07502
   0.29152	   0.07500
   0.28086	   0.07492
   0.27026	   0.07476
   0.25974	   0.07454
   0.24930	   0.07424
   0.23896	   0.07387
   0.22871	   0.07343
   0.21858	   0.07290
   0.20857	   0.07230
   0.19870	   0.07162
   0.18897	   0.07087
   0.17942	   0.07003
   0.17006	   0.06912
   0.16092	   0.06813
   0.15200	   0.06707
   0.14334	   0.06594
   0.13496	   0.06475
   0.12689	   0.06350
   0.11913	   0.06220
   0.11171	   0.06086
   0.10463	   0.05949
   0.09792	   0.05809
   0.09156	   0.05667
   0.08555	   0.05525
   0.07989	   0.05381
   0.07457	   0.05238
   0.06956	   0.05095
   0.06486	   0.04953
   0.06044	   0.04812
   0.05630	   0.04671
   0.05240	   0.04533
   0.04874	   0.04395
   0.04530	   0.04259
   0.04206	   0.04124
   0.03901	   0.03990
   0.03613	   0.03858
   0.03342	   0.03726
   0.03086	   0.03596
   0.02845	   0.03466
   0.02616	   0.03337
   0.02400	   0.03208
   0.02196	   0.03080
   0.02003	   0.02952
   0.01821	   0.02824
   0.01648	   0.02696
   0.01486	   0.02568
   0.01332	   0.02440
   0.01188	   0.02311
   0.01052	   0.02182
   0.00925	   0.02052
   0.00807	   0.01922
   0.00696	   0.01791
   0.00594	   0.01659
   0.00500	   0.01527
   0.00415	   0.01394
   0.00337	   0.01261
   0.00268	   0.01127
   0.00206	   0.00992
   0.00154	   0.00858
   0.00109	   0.00723
   0.00072	   0.00590
   0.00043	   0.00456
   0.00021	   0.00324
   0.00008	   0.00193
   0.00001	   0.00064
   0.00001	  -0.00064
   0.00008	  -0.00193
   0.00021	  -0.00324
   0.00043	  -0.00456
   0.00072	  -0.00590
   0.00109	  -0.00723
   0.00154	  -0.00858
   0.00206	  -0.00992
   0.00268	  -0.01127
   0.00337	  -0.01261
   0.00415	  -0.01394
   0.00500	  -0.01527
   0.00594	  -0.01659
   0.00696	  -0.01791
   0.00807	  -0.01922
   0.00925	  -0.02052
   0.01052	  -0.02182
   0.01188	  -0.02311
   0.01332	  -0.02440
   0.01486	  -0.02568
   0.01648	  -0.02696
   0.01821	  -0.02824
   0.02003	  -0.02952
   0.02196	  -0.03080
   0.02400	  -0.03208
   0.02616	  -0.03337
   0.02845	  -0.03466
   0.03086	  -0.03596
   0.03342	  -0.03726
   0.03613	  -0.03858
   0.03901	  -0.03990
   0.04206	  -0.04124
   0.04530	  -0.04259
   0.04874	  -0.04395
   0.05240	  -0.04533
   0.05630	  -0.04671
   0.06044	  -0.04812
   0.06486	  -0.04953
   0.06956	  -0.05095
   0.07456	  -0.05238
   0.07989	  -0.05381
   0.08555	  -0.05525
   0.09156	  -0.05667
   0.09792	  -0.05809
   0.10463	  -0.05949
   0.11171	  -0.06086
   0.11913	  -0.06220
   0.12689	  -0.06350
   0.13496	  -0.06475
   0.14334	  -0.06594
   0.15200	  -0.06707
   0.16092	  -0.06813
   0.17006	  -0.06912
   0.17942	  -0.07003
   0.18897	  -0.07087
   0.19870	  -0.07162
   0.20857	  -0.07230
   0.21858	  -0.07290
   0.22871	  -0.07343
   0.23896	  -0.07387
   0.24930	  -0.07424
   0.25974	  -0.07454
   0.27026	  -0.07476
   0.28086	  -0.07492
   0.29152	  -0.07500
   0.30225	  -0.07502
   0.31305	  -0.07497
   0.32389	  -0.07486
   0.33479	  -0.07469
   0.34574	  -0.07446
   0.35672	  -0.07418
   0.36776	  -0.07383
   0.37883	  -0.07344
   0.38994	  -0.07299
   0.40109	  -0.07249
   0.41227	  -0.07194
   0.42348	  -0.07134
   0.43472	  -0.07070
   0.44598	  -0.07001
   0.45728	  -0.06928
   0.46860	  -0.06851
   0.47994	  -0.06770
   0.49130	  -0.06685
   0.50269	  -0.06596
   0.51409	  -0.06504
   0.52551	  -0.06408
   0.53696	  -0.06308
   0.54841	  -0.06205
   0.55988	  -0.06099
   0.57137	  -0.05990
   0.58287	  -0.05877
   0.59438	  -0.05762
   0.60590	  -0.05643
   0.61743	  -0.05522
   0.62897	  -0.05398
   0.64052	  -0.05272
   0.65208	  -0.05142
   0.66364	  -0.05010
   0.67521	  -0.04876
   0.68678	  -0.04739
   0.69836	  -0.04600
   0.70994	  -0.04458
   0.72152	  -0.04314
   0.73310	  -0.04168
   0.74468	  -0.04019
   0.75626	  -0.03869
   0.76784	  -0.03716
   0.77941	  -0.03560
   0.79098	  -0.03403
   0.80253	  -0.03244
   0.81407	  -0.03082
   0.82560	  -0.02919
   0.83710	  -0.02754
   0.84856	  -0.02587
   0.85998	  -0.02418
   0.87135	  -0.02248
   0.88264	  -0.02077
   0.89382	  -0.01905
   0.90486	  -0.01734
   0.91573	  -0.01563
   0.92635	  -0.01393
   0.93669	  -0.01226
   0.94666	  -0.01063
   0.95619	  -0.00906
   0.96524	  -0.00754
   0.97374	  -0.00611
   0.98167	  -0.00475
   0.98901	  -0.00349
   0.99579	  -0.00231
   1.00000	  -0.00158
